# oST version 5.0 parameters


[image]

width
1024

height
640

[narrow_stereo]

camera matrix
1154.160238 0.000000 529.773798
0.000000 1155.167654 333.248335
0.000000 0.000000 1.000000

distortion
-0.198218 0.124919 0.001806 0.003605 0.000000

rectification
1.000000 0.000000 0.000000
0.000000 1.000000 0.000000
0.000000 0.000000 1.000000

projection
1111.437745 0.000000 533.837163 0.000000
0.000000 1137.554756 334.160042 0.000000
0.000000 0.000000 1.000000 0.000000
